0.6673054951846715 3.1878202481530877
-14.007493630028197 30.612059232606846
-24.23525673996179 117.25295233722595
6.3747921412086015 27.190903723901844
2.071727701791572 2.2678923088968013
0.7984114408922114 3.943977447078463
-6.21329314397839 -1.6782931739306288
-17.398495993881475 50.28734706031692
6.962772577844668 33.96336758689734
4.976394543842818 23.19448397961252
1.2331600769834647 8.530102831966465
-28.806595004506306 176.64684713780397
3.700175019733652 22.77453434088148
-13.331240762355653 15.250961345281564
10.867780194618465 72.58956276990808
-1.273622477645847 -0.9475929688830151
0.6995184959331557 9.698575733428136
-22.718722288644425 98.68793648650424
12.84619476224684 85.72055945041092
-11.770885720090495 15.977534106537375
-7.525526382803715 0.023619111922510427
3.8796714343762266 11.967779725215195
-2.4018918419134625 7.687701257040766
-8.59942386426789 7.254486032589304
7.987054365490528 34.62810217787864
1.3128478244761768 14.216694093061166
9.287957008449085 40.88696778313022
-0.42059118966952697 -12.694932000980307
-6.825340698363451 -12.602250225040047
-13.70338567756792 17.797615484316267
-8.247375030692774 0.05437418109841241
4.865298456137611 22.98408384564716
14.489261095565789 97.84603057131628
6.800648963291234 32.21417737953569
6.536089050372075 31.397614321468147
9.284607130171288 53.994880242494716
-3.4564037069517966 -5.34937467633524
-2.2860486661203874 5.3036862367194
-10.212872792567474 7.847286168661831
19.47641707232307 162.62991444156927
-15.768389157701764 39.64831097714125
16.61513291757246 121.76231357530101
-6.5289162718898455 -4.333326320671906
-5.7361262775873225 -5.721779041612345
2.4099786224349247 10.37508359936211
-6.77750455243212 -3.6371752848611636
-18.432629151831584 57.898943985259216
10.628056741220608 66.96272250864587
6.936578434699269 27.125266049738887
-10.351595865438979 7.139391320049749
-1.0246744051293533 2.9388158799675983
-0.9256313726657195 3.3783603970679654
-14.043136187958655 18.86596383289987
-10.613493931427191 11.632459230416814
-1.045776101858217 -6.800052235042762
9.569261629789873 59.901515670701826
-17.26710882193275 57.838859030525356
4.579424992809536 14.77488958226966
2.7403695128974093 15.765375270160119
-9.777254571847392 2.1411914156091583
15.98644314328338 124.15641888743707
16.31742520367313 124.60558622895195
10.586412206380384 62.68760179301099
0.9669458606410685 -0.607464095320827
-17.440606868400486 45.25056578878533
-11.721552451465042 18.762341229819647
9.022649456024336 46.65761274286045
15.715969797282835 117.41810555061716
-7.436229950721183 3.8036694386499823
-14.824906145634348 29.55446581503524
-0.09815901742209868 0.23091054343698036
-8.8711230560702 -0.87283127922574
-7.8821435046446915 -2.9409023266250016
4.72096149575885 19.182150980027316
11.33419924960284 68.8447112125371
-23.443515536827885 108.87525405173031
-3.85336211947512 -6.261979114757352
-8.445075558814176 4.607217471293766
10.346560173835478 70.34531944631841
-7.633862536118963 2.556975838003417
7.392985817527148 41.80611370734503
7.333637407666405 36.68958773967557
0.4000022045338076 0.5780655194794451
13.577578671043373 89.10185440016633
-4.399195927799734 -2.6666951486729396
-0.7455048063814818 2.9748331904445027
-0.1413233954804141 -0.976935041280437
15.135191288683185 111.2015366747675
5.0601153215701276 18.04243426668799
12.774526607886568 88.19626434162561
5.596177704004498 29.067249585765754
0.04418141457838724 -17.87734615522004
16.10106108541903 110.71409703040881
16.159760122540018 116.65841145387584
-16.063175357844088 40.39471351941018
-23.675329653692273 103.334763336644
15.299833811691903 114.12775850630341
0.38180132633755404 -10.759675649878373
9.814549305479929 55.134558337737516
0.3314337637332033 7.198624464100817
